[54.9814;48.294]	line 534702 1
[54.9779;48.2931]	line 534693 2
[54.9756;48.3011]	line 534698 3
[54.9631;48.2877]	line 534700 4
[54.9639;48.2838]	line 534706 5
[54.9655;48.2774]	line 534704 6
[54.9688;48.2673]	line 534705 7
[54.9536;48.2346]	line 534703 8
[54.9395;48.1931]	line 534683 9
[54.9386;48.2018]	line 534684 10
[54.9404;48.284]	line 534707 11
[54.9448;48.3406]	line 534686 12
[54.9809;48.3002]	line 534699 13
[54.9686;48.2862]	line 534695 14
[54.8829;48.26]	line 534688 15
[54.8813;48.2647]	line 534687 16
[54.8813;48.2676]	line 534689 17
[54.813;48.2994]	line 534713 18
[54.8121;48.2999]	line 534712 19
[54.8002;48.2705]	line 534714 20
[54.7767;48.3242]	line 534715 21
[54.9874;48.3114]	line 534697 22
[54.9854;48.3073]	line 534701 23
[54.9826;48.3052]	line 534696 24
[54.9853;48.297]	line 534694 25
[55.0581;48.0827]	line 534692 26
[55.0316;48.0548]	line 534690 27
[54.9377;48.0016]	line 534708 28
[54.9242;47.8789]	line 534709 29
[54.9146;47.8592]	line 534711 30
[54.948;47.8307]	line 534710 31
[56.1869;50.8912]	line 534630 32
[56.1866;50.894]	line 534637 33
[56.3295;50.8026]	line 534639 34
[56.356;50.5172]	line 534648 35
[56.5265;50.2984]	line 534657 36
[56.5274;50.2976]	line 534656 37
[56.5307;50.2872]	line 534655 38
[56.2007;50.8329]	line 534641 39
[56.196;50.8524]	line 534642 40
[56.1757;50.9057]	line 534631 41
[56.1691;50.899]	line 534638 42
[56.1689;50.899]	line 534629 43
[56.1142;50.799]	line 534640 44
[56.1866;50.894]	line 534634 45
[56.1866;50.894]	line 534635 46
[56.1866;50.894]	line 534632 47
[56.1424;50.9276]	line 534650 48
[56.0972;50.8874]	line 534653 49
[56.0811;50.8767]	line 534652 50
[56.0927;50.9265]	line 534651 51
[56.0109;50.9878]	line 534654 52
[55.406;48.1866]	line 534667 53
[54.8175;47.7024]	line 534716 54
[54.7366;47.5635]	line 534717 55
[54.7262;47.5667]	line 534718 56
[54.7209;47.5626]	line 534719 57
[54.7081;47.5287]	line 534725 58
[54.626;47.509]	line 534722 59
[54.6246;47.5077]	line 534721 60
[54.5972;47.4165]	line 534724 61
[54.6012;47.4134]	line 534723 62
[54.7256;47.3259]	line 534720 63
[55.2023;48.5161]	line 534677 64
[55.2017;48.5154]	line 534676 65
[55.2039;48.5024]	line 534674 66
[55.1588;48.4532]	line 534682 67
[55.0499;48.41]	line 534685 68
[55.0991;48.2702]	line 534691 69
[55.1489;48.337]	line 534680 70
[55.2279;48.2771]	line 534672 71
[55.2383;48.2439]	line 534671 72
[55.2611;48.1126]	line 534669 73
[56.3476;50.1929]	line 534659 74
[56.3468;50.2054]	line 534661 75
[56.3462;50.206]	line 534660 76
[56.3458;50.2264]	line 534658 77
[56.3766;50.3092]	line 534662 78
[56.3685;50.3277]	line 534664 79
[56.3658;50.3234]	line 534663 80
[56.3647;50.3236]	line 534665 81
[56.2649;50.477]	line 534647 82
[56.272;50.5451]	line 534644 83
[56.2632;50.6198]	line 534649 84
[55.256;48.7251]	line 534679 85
[55.2026;48.5163]	line 534675 86
[55.2335;48.4581]	line 534668 87
[55.2463;48.4539]	line 534670 88
[55.2576;48.3671]	line 534678 89
[55.2918;48.415]	line 534673 90
[55.3779;48.4607]	line 534681 91
[56.1069;50.4634]	line 534612 92
[56.1276;50.7322]	line 534627 93
[56.1866;50.894]	line 534636 94
[56.1866;50.894]	line 534633 95
[56.1523;50.7241]	line 534628 96
[56.1762;50.6346]	line 534643 97
[56.2242;50.5871]	line 534646 98
[56.1686;50.5615]	line 534645 99
[56.1837;50.4053]	line 534609 100
[55.6518;50.302]	line 583173 101
[55.6595;50.4244]	line 583177 102
[55.5551;50.4652]	line 583186 103
[55.5623;50.6793]	line 583149 104
[55.4923;49.2995]	line 583156 105
[55.6852;50.6855]	line 583148 106
[55.8503;48.5122]	line 583181 107
[55.8475;48.5007]	line 583067 108
[55.8461;48.4991]	line 583084 109
[55.8466;48.4967]	line 583161 110
[55.8489;48.4956]	line 583176 111
[55.8495;48.498]	line 583179 112
[55.8494;48.499]	line 583066 113
[55.8524;48.4968]	line 583069 114
[55.8518;48.4861]	line 583073 115
[55.8521;48.4845]	line 583077 116
[55.8488;48.5592]	line 583096 117
[55.8498;48.528]	line 583192 118
[55.8496;48.5223]	line 583065 119
[55.8447;48.5243]	line 583076 120
[55.8441;48.5235]	line 583072 121
[55.8454;48.5178]	line 583163 122
[55.846;48.5065]	line 583162 123
[55.8522;48.5103]	line 583160 124
[55.8535;48.5099]	line 583068 125
[55.8547;48.5033]	line 583078 126
[55.8586;48.566]	line 583070 127
[55.8501;48.5006]	line 583106 128
[55.8478;48.4928]	line 583178 129
[55.8464;48.4936]	line 583064 130
[55.8389;48.4442]	line 583111 131
[55.4042;48.1902]	line 534666 132
[55.8528;48.5669]	line 583074 133
[55.8542;48.5638]	line 583159 134
[55.8539;48.5632]	line 583071 135
[55.8578;48.5564]	line 583108 136
[55.8578;48.5564]	line 583175 137
[55.8578;48.5564]	line 583182 138
[55.8497;48.5614]	line 583105 139
[55.8497;48.5614]	line 583113 140
[55.8416;48.5612]	line 583180 141
[55.5826;50.0597]	line 583123 142
[55.5954;50.386]	line 583167 143
[55.5144;50.3592]	line 583164 144
[55.4814;50.134]	line 583183 145
[55.4802;50.1333]	line 583184 146
[55.4672;50.1628]	line 583189 147
[55.4639;50.1495]	line 583114 148
[55.4637;50.1463]	line 583200 149
[55.4616;50.1467]	line 583188 150
[55.4535;50.1454]	line 583062 151
[55.4598;50.1441]	line 583063 152
[55.4634;50.1414]	line 583115 153
[55.4628;50.1251]	line 583061 154
[55.4635;50.1217]	line 583155 155
[55.4312;49.8947]	line 583122 156
[55.8311;48.6874]	line 583121 157
[55.836;48.682]	line 583138 158
[55.831;48.6656]	line 583118 159
[55.8344;48.6611]	line 583116 160
[55.8504;48.6369]	line 534730 161
[55.8683;48.6263]	line 534727 162
[55.8727;48.6207]	line 534726 163
[55.859;48.5714]	line 583132 164
[55.86;48.5677]	line 583107 165
[55.8615;48.567]	line 583141 166
[55.9129;50.0476]	line 534625 167
[55.9533;50.1945]	line 534616 168
[56.0431;50.2695]	line 534613 169
[56.0437;50.3452]	line 534614 170
[56.0185;50.4489]	line 534608 171
[56.0989;50.411]	line 534611 172
[56.1812;50.398]	line 534610 173
[55.8275;49.945]	line 583190 174
[55.8633;50.1637]	line 534626 175
[55.8899;50.2326]	line 534619 176
[55.8892;50.2334]	line 534618 177
[55.8891;50.2344]	line 534617 178
[55.8889;50.235]	line 534623 179
[55.8894;50.2356]	line 534621 180
[55.8934;50.2355]	line 534620 181
[55.8911;50.2439]	line 534622 182
[55.8923;50.2475]	line 534624 183
[55.8399;50.2498]	line 534615 184
[55.8538;48.901]	line 534414 185
[55.8505;48.8951]	line 534410 186
[55.8741;48.884]	line 583146 187
[55.8639;48.8045]	line 534729 188
[55.8376;48.7126]	line 583136 189
[55.8369;48.7041]	line 583129 190
[55.8277;48.706]	line 583126 191
[55.8273;48.6977]	line 583124 192
[55.8286;48.692]	line 583139 193
[55.8452;48.6833]	line 583137 194
[55.8699;48.6278]	line 534728 195
[55.8095;48.9091]	line 534422 196
[55.8099;48.9009]	line 534421 197
[55.8195;48.8862]	line 534419 198
[55.8194;48.887]	line 534418 199
[55.8178;48.8964]	line 534423 200
[55.8185;48.8989]	line 534420 201
[55.8188;48.9078]	line 534424 202
[55.8459;48.9056]	line 534406 203
[55.8473;48.9067]	line 534408 204
[55.8472;48.9025]	line 534411 205
[55.8472;48.9025]	line 534417 206
[55.8659;48.8829]	line 534404 207
[55.8649;48.9297]	line 583195 208
[55.877;48.8999]	line 583185 209
[55.8743;48.8984]	line 583196 210
[55.8756;48.8869]	line 583133 211
[55.8729;48.8823]	line 583112 212
[55.8675;48.8777]	line 534416 213
[55.8636;48.8732]	line 534412 214
[55.8643;48.8759]	line 534405 215
[55.8662;48.8843]	line 534415 216
[55.8571;48.9053]	line 534413 217
[55.8553;48.8979]	line 534407 218
[55.8496;48.9011]	line 534409 219
[55.8297;49.0622]	line 534350 220
[55.8192;49.0533]	line 534300 221
[55.8205;49.0506]	line 534301 222
[55.8208;49.05]	line 534298 223
[55.8238;49.0428]	line 534299 224
[55.8238;49.0423]	line 534257 225
[55.8228;49.0312]	line 534254 226
[55.8251;49.0315]	line 534255 227
[55.8251;49.0315]	line 534256 228
[55.8257;49.038]	line 534253 229
[55.8409;49.0209]	line 534262 230
[55.8499;49.0672]	line 534319 231
[55.8438;49.0498]	line 534263 232
[55.8455;49.0502]	line 534265 233
[55.8458;49.0512]	line 534264 234
[55.8505;49.053]	line 534318 235
[55.8543;49.068]	line 534316 236
[55.8532;49.0728]	line 534314 237
[55.8612;49.0873]	line 534536 238
[55.8705;49.0813]	line 534334 239
[55.8741;49.0881]	line 534328 240
[55.8184;49.0633]	line 534486 241
[55.819;49.0592]	line 534488 242
[55.8199;49.0552]	line 534307 243
[55.8199;49.0552]	line 534306 244
[55.8224;49.052]	line 534304 245
[55.8235;49.0479]	line 534308 246
[55.8273;49.0436]	line 534258 247
[55.8244;49.0527]	line 534305 248
[55.8232;49.0609]	line 534297 249
[55.8264;49.0622]	line 534487 250
[55.8656;49.0864]	line 534332 251
[55.8632;49.0849]	line 534329 252
[55.8649;49.0778]	line 534322 253
[55.8626;49.0779]	line 534541 254
[55.8605;49.0769]	line 534540 255
[55.8595;49.0867]	line 534528 256
[55.8579;49.0858]	line 534535 257
[55.8549;49.0837]	line 534317 258
[55.8545;49.0827]	line 534315 259
[55.8672;49.0915]	line 534320 260
[55.8681;49.0895]	line 534321 261
[55.8711;49.0892]	line 534327 262
[55.8715;49.0811]	line 534335 263
[55.8689;49.0849]	line 534333 264
[55.8656;49.0786]	line 534324 265
[55.8656;49.0786]	line 534323 266
[55.8652;49.071]	line 534325 267
[55.8664;49.0219]	line 534431 268
[55.8697;49.02]	line 534432 269
[55.8738;49.0168]	line 534539 270
[55.8738;49.0168]	line 534445 271
[55.8085;49.0831]	line 534295 272
[55.8084;49.0802]	line 534296 273
[55.8273;49.0563]	line 534302 274
[55.8172;49.0617]	line 534292 275
[55.8149;49.0639]	line 534291 276
[55.8038;49.0672]	line 534289 277
[55.7996;49.0681]	line 534290 278
[55.798;49.0514]	line 534288 279
[55.7997;49.0376]	line 534287 280
[55.7999;49.035]	line 534285 281
[55.7999;49.034]	line 534286 282
[55.8282;49.0937]	line 534345 283
[55.83;49.0914]	line 534426 284
[55.8306;49.0932]	line 534344 285
[55.8328;49.0917]	line 534343 286
[55.8346;49.0907]	line 534342 287
[55.8292;49.0833]	line 534425 288
[55.8256;49.056]	line 534303 289
[55.8288;49.0579]	line 534450 290
[55.8309;49.0629]	line 534451 291
[55.8428;49.0916]	line 534362 292
[55.8709;49.0935]	line 534331 293
[55.8398;49.1041]	line 534447 294
[55.8392;49.1016]	line 534449 295
[55.8402;49.1002]	line 534446 296
[55.8394;49.1]	line 534363 297
[55.8368;49.1019]	line 534448 298
[55.834;49.1005]	line 534346 299
[55.8361;49.096]	line 534339 300
[55.8345;49.0918]	line 534341 301
[55.8358;49.091]	line 534340 302
[55.8381;49.0915]	line 534364 303
[55.8387;49.0885]	line 534365 304
[55.732;49.1478]	line 534359 305
[55.7438;49.1333]	line 534357 306
[55.7531;49.104]	line 534259 307
[55.7395;49.0972]	line 534260 308
[55.7138;49.1013]	line 534261 309
[55.6937;49.141]	line 534361 310
[55.5349;49.1889]	line 583083 311
[55.535;49.1905]	line 583081 312
[55.8375;49.1216]	line 534560 313
[55.8601;49.1018]	line 534532 314
[55.8603;49.1007]	line 534533 315
[55.8612;49.09]	line 534538 316
[55.8616;49.0914]	line 534537 317
[55.8636;49.0993]	line 534530 318
[55.8652;49.098]	line 534531 319
[55.8647;49.1002]	line 534529 320
[55.8618;49.1086]	line 534534 321
[55.7864;49.1243]	line 534494 322
[55.7881;49.1224]	line 534368 323
[55.7864;49.1085]	line 534508 324
[55.7877;49.1016]	line 534274 325
[55.789;49.1022]	line 534506 326
[55.7925;49.1015]	line 534509 327
[55.8202;49.1288]	line 534517 328
[55.8199;49.1262]	line 534516 329
[55.8198;49.1247]	line 534515 330
[55.8182;49.1216]	line 534514 331
[55.8199;49.1162]	line 534511 332
[55.8204;49.1221]	line 534521 333
[55.8204;49.1221]	line 534522 334
[55.8229;49.122]	line 534512 335
[55.8233;49.1218]	line 534513 336
[55.8243;49.1123]	line 583143 337
[55.8237;49.1045]	line 534383 338
[55.8263;49.1013]	line 534388 339
[55.825;49.1088]	line 534382 340
[55.8263;49.1123]	line 534523 341
[55.8262;49.1147]	line 534524 342
[55.8277;49.1274]	line 534492 343
[55.8335;49.1229]	line 534489 344
[55.8355;49.1287]	line 534559 345
[55.7818;49.1485]	line 534337 346
[55.7711;49.1349]	line 534493 347
[55.7701;49.1319]	line 534497 348
[55.7789;49.1296]	line 534495 349
[55.7785;49.1143]	line 534271 350
[55.7707;49.1114]	line 534543 351
[55.7672;49.1042]	line 534498 352
[55.7767;49.1059]	line 534272 353
[55.7781;49.1107]	line 534275 354
[55.779;49.1099]	line 534277 355
[55.7804;49.1139]	line 534278 356
[55.782;49.114]	line 534276 357
[55.7831;49.1139]	line 534273 358
[55.7891;49.1049]	line 534510 359
[55.7897;49.137]	line 534267 360
[55.7988;49.1302]	line 534270 361
[55.7977;49.1238]	line 534505 362
[55.7967;49.1211]	line 534507 363
[55.8271;49.1536]	line 534555 364
[55.8201;49.1467]	line 534602 365
[55.8201;49.1467]	line 534601 366
[55.8163;49.1351]	line 534605 367
[55.8202;49.1327]	line 534518 368
[55.8189;49.1382]	line 534520 369
[55.82;49.1416]	line 534519 370
[55.8224;49.1468]	line 534603 371
[55.8234;49.1459]	line 534604 372
[55.8244;49.147]	line 534525 373
[55.826;49.1488]	line 534607 374
[55.8317;49.1495]	line 534550 375
[55.8287;49.135]	line 534527 376
[55.8282;49.1318]	line 534490 377
[55.8378;49.1292]	line 534558 378
[55.8369;49.1233]	line 534557 379
[55.8687;49.0892]	line 534330 380
[55.837;49.1585]	line 534562 381
[55.8369;49.1552]	line 534567 382
[55.8376;49.1514]	line 534566 383
[55.8391;49.1464]	line 534549 384
[55.8385;49.1455]	line 534548 385
[55.8355;49.1504]	line 534552 386
[55.8351;49.152]	line 534553 387
[55.8318;49.1513]	line 534526 388
[55.8296;49.1538]	line 534554 389
[55.8277;49.1484]	line 534556 390
[55.8345;49.1326]	line 534491 391
[55.8405;49.1321]	line 534561 392
[55.9497;49.5026]	line 583094 393
[55.9524;49.4981]	line 583095 394
[56.004;49.5169]	line 583099 395
[55.9096;49.227]	line 534454 396
[55.8711;49.0878]	line 534326 397
[55.8208;49.1036]	line 534386 398
[55.8199;49.1063]	line 534606 399
[55.8186;49.1082]	line 534387 400
[55.8178;49.1001]	line 534384 401
[55.8209;49.0976]	line 534385 402
[55.8212;49.0934]	line 534427 403
[55.8175;49.0934]	line 534336 404
[55.8164;49.0816]	line 534294 405
[55.8193;49.082]	line 534312 406
[55.8188;49.0872]	line 534309 407
[55.8188;49.0902]	line 534310 408
[55.8188;49.0902]	line 534311 409
[55.8216;49.0796]	line 534313 410
[55.8209;49.0656]	line 534485 411
[55.8133;49.0663]	line 534293 412
[55.7386;49.2021]	line 534568 413
[55.7399;49.1987]	line 534569 414
[55.7398;49.1966]	line 534570 415
[55.7331;49.1835]	line 534381 416
[55.7311;49.1753]	line 534380 417
[55.7416;49.194]	line 534459 418
[55.7446;49.1928]	line 534482 419
[55.7476;49.1905]	line 534480 420
[55.7477;49.1883]	line 534483 421
[55.7504;49.1844]	line 534477 422
[55.7519;49.1846]	line 534476 423
[55.7637;49.184]	line 534440 424
[55.7652;49.1789]	line 534444 425
[55.7626;49.1785]	line 534435 426
[55.7612;49.1694]	line 534438 427
[55.762;49.167]	line 534434 428
[55.7626;49.1652]	line 534433 429
[55.7592;49.167]	line 534439 430
[55.7526;49.1545]	line 534366 431
[55.7455;49.1393]	line 534354 432
[55.7659;49.152]	line 534369 433
[55.7652;49.1455]	line 534370 434
[55.769;49.1453]	line 534367 435
[55.7705;49.1486]	line 534496 436
[55.7725;49.1476]	line 534348 437
[55.7749;49.1427]	line 534349 438
[55.7681;49.1348]	line 534371 439
[55.8987;49.2512]	line 583153 440
[56.0412;49.2761]	line 583152 441
[55.9893;49.3686]	line 583174 442
[55.9847;49.3681]	line 583092 443
[55.9781;49.3845]	line 583171 444
[55.9767;49.3861]	line 583168 445
[55.9767;49.3919]	line 583090 446
[55.998;49.5093]	line 583101 447
[55.755;49.2152]	line 534460 448
[55.7627;49.1936]	line 534442 449
[55.756;49.1875]	line 534484 450
[55.7464;49.1914]	line 534481 451
[55.7472;49.2008]	line 534458 452
[55.7449;49.2018]	line 534575 453
[55.7483;49.2065]	line 534572 454
[55.7475;49.207]	line 534571 455
[55.748;49.2104]	line 534573 456
[55.7454;49.215]	line 534578 457
[55.7438;49.2178]	line 534579 458
[55.7421;49.2127]	line 534574 459
[55.7426;49.2119]	line 534581 460
[55.7393;49.2135]	line 534576 461
[55.7033;49.5068]	line 583191 462
[55.7114;49.5469]	line 583102 463
[55.7134;49.5597]	line 583097 464
[55.7134;49.5597]	line 583169 465
[55.7131;49.573]	line 583100 466
[55.7128;49.5743]	line 583098 467
[55.6761;49.6661]	line 583172 468
[55.6574;49.5326]	line 583091 469
[55.6652;49.4877]	line 583079 470
[55.7484;49.2375]	line 534593 471
[55.7483;49.2311]	line 534597 472
[55.7514;49.231]	line 534596 473
[55.7543;49.2296]	line 534600 474
[55.755;49.2301]	line 534598 475
[55.7552;49.2276]	line 534595 476
[55.7463;49.2167]	line 534502 477
[55.7486;49.2143]	line 534441 478
[55.7483;49.213]	line 534501 479
[55.7513;49.2131]	line 534461 480
[55.7503;49.2116]	line 534499 481
[55.7555;49.2008]	line 534500 482
[55.8063;49.2079]	line 534443 483
[55.805;49.1945]	line 534373 484
[55.8039;49.1892]	line 534372 485
[55.8041;49.1879]	line 534374 486
[55.8158;49.1828]	line 534283 487
[55.8066;49.1831]	line 534281 488
[55.8052;49.184]	line 534282 489
[55.802;49.1868]	line 534375 490
[55.798;49.1908]	line 534376 491
[55.7977;49.1923]	line 534377 492
[55.7968;49.1751]	line 534378 493
[55.7907;49.1568]	line 534457 494
[55.7891;49.1526]	line 534456 495
[55.7891;49.1513]	line 534338 496
[55.7908;49.1471]	line 534269 497
[55.7837;49.1522]	line 534455 498
[55.7891;49.1335]	line 534268 499
[55.8668;49.2325]	line 534398 500
[55.8708;49.2327]	line 534400 501
[55.8792;49.0558]	line 534347 502
[55.8991;48.9632]	line 583193 503
[55.9836;48.8163]	line 534732 504
[55.9832;48.7947]	line 534731 505
[56.0148;48.8317]	line 534733 506
[55.8601;49.2278]	line 534391 507
[55.8613;49.2256]	line 534392 508
[55.8617;49.2191]	line 534389 509
[55.8658;49.2197]	line 534401 510
[55.8652;49.2247]	line 534397 511
[55.8683;49.2241]	line 534403 512
[55.872;49.2236]	line 534396 513
[55.885;49.1945]	line 534453 514
[55.8884;49.1977]	line 534452 515
[55.917;49.1504]	line 534463 516
[55.7379;49.2682]	line 534399 517
[55.7497;49.2488]	line 534542 518
[55.753;49.2399]	line 534594 519
[55.7586;49.2391]	line 534591 520
[55.7574;49.2355]	line 534592 521
[55.7558;49.2324]	line 534599 522
[55.7624;49.2217]	line 534462 523
[55.7628;49.2217]	line 534588 524
[55.7734;49.2305]	line 534590 525
[55.7626;49.1773]	line 534437 526
[55.761;49.1787]	line 534436 527
[55.7537;49.1783]	line 534475 528
[55.7535;49.1873]	line 534479 529
[55.7488;49.192]	line 534478 530
[55.77;49.2419]	line 534587 531
[55.7674;49.2337]	line 534586 532
[55.7673;49.2294]	line 534584 533
[55.7666;49.2279]	line 534585 534
[55.7717;49.2307]	line 534589 535
[55.7761;49.2253]	line 534471 536
[55.778;49.2305]	line 534467 537
[55.7776;49.2352]	line 534465 538
[55.7803;49.2347]	line 534469 539
[55.782;49.2249]	line 534468 540
[55.7869;49.2239]	line 534473 541
[55.788;49.2251]	line 534474 542
[55.7675;49.2508]	line 534583 543
[55.7431;49.1423]	line 534355 544
[55.7432;49.14]	line 534356 545
[55.7316;49.1184]	line 534358 546
[55.7338;49.137]	line 534360 547
[55.7367;49.1463]	line 534353 548
[55.7237;49.1724]	line 534266 549
[55.7145;49.184]	line 534379 550
[55.7183;49.3511]	line 583194 551
[55.7496;49.2288]	line 583109 552
[55.7475;49.227]	line 534504 553
[55.7474;49.2225]	line 534582 554
[55.7444;49.2198]	line 534580 555
[55.7439;49.2213]	line 534503 556
[55.7425;49.2235]	line 534577 557
[55.7976;49.2451]	line 534430 558
[55.7937;49.2462]	line 534428 559
[55.7803;49.2347]	line 534470 560
[55.8158;49.1828]	line 534284 561
[55.833;49.1548]	line 534551 562
[55.837;49.1585]	line 534563 563
[55.8381;49.1579]	line 534564 564
[55.8423;49.156]	line 534565 565
[55.8381;49.1878]	line 534352 566
[55.8502;49.2056]	line 534351 567
[55.8611;49.2174]	line 534390 568
[55.8634;49.2173]	line 534402 569
[55.8659;49.2175]	line 534395 570
[55.7454;49.3924]	line 583088 571
[55.7409;49.38]	line 583087 572
[55.7384;49.3707]	line 583151 573
[55.7453;49.2744]	line 534547 574
[55.7481;49.2717]	line 534544 575
[55.7462;49.2669]	line 534545 576
[55.746;49.2643]	line 534546 577
[55.6535;49.2821]	line 583154 578
[55.651;49.3049]	line 583170 579
[55.4923;49.3007]	line 583082 580
[55.8258;49.509]	line 583134 581
[55.8233;49.5133]	line 583135 582
[55.7501;49.6218]	line 583080 583
[55.7562;49.6416]	line 583150 584
[55.7517;49.6491]	line 583075 585
[55.7486;49.653]	line 583198 586
[55.7519;49.6516]	line 583158 587
[55.7535;49.653]	line 583085 588
[55.7566;49.6589]	line 583093 589
[55.7574;49.65]	line 583104 590
[55.7625;49.649]	line 583187 591
[55.7635;49.646]	line 583157 592
[55.8251;49.6938]	line 583199 593
[55.8096;49.3796]	line 583140 594
[55.8041;49.3889]	line 583197 595
[55.7442;49.3856]	line 583086 596
[55.8015;49.2738]	line 534429 597
[55.7995;49.2531]	line 534280 598
[55.7961;49.248]	line 534279 599
[55.7819;49.2366]	line 534464 600
[55.7886;49.2226]	line 534466 601
[55.7904;49.2241]	line 534472 602
[55.8565;49.2557]	line 534394 603
[55.8122;49.4391]	line 583120 604
[55.8128;49.4425]	line 583128 605
[55.8095;49.4438]	line 583131 606
[55.8094;49.4429]	line 583117 607
[55.7532;49.4105]	line 583166 608
[55.725;49.4412]	line 583089 609
[55.725;49.4412]	line 583147 610
[55.7326;49.47]	line 583110 611
[55.7328;49.4717]	line 583103 612
[55.8097;49.4342]	line 583125 613
[55.8102;49.4376]	line 583127 614
[55.8108;49.441]	line 583119 615
[55.805;49.4455]	line 583165 616
[55.798;49.407]	line 583130 617
[55.798;49.407]	line 583144 618
[55.7998;49.4056]	line 583145 619
[55.8004;49.4013]	line 583142 620
[55.8719;49.2381]	line 534393 621
--
--
--
--
--
--
--
--
--
--
--
--
--
--
--
--
--
--
--
--
--
--
--
--
--
--
--
--
--
--
--
--
--
--
--
--
--
--
--
--
--
--
--
--
--
--
--
--
--
--
--
--
--
--
--
--
--
--
--
--
--
--
--
--
--
--
--
--
--
--
--
--
--
--
--
--
--
--
--
--
--
--
--
--
--
--
--
--
--
--
--
--
--
--
--
--
--
--
--
--
--
--
--
--
--
--
--
--
--
--
--
--
--
--
--
--
--
--
--
--
--
--
--
--
--
--
--
--
--
--
--
--
--
--
--
--
--
--
--
--
--
--
--
--
--
--
--
--
--
--
--
--
--
--
--
--
--
--
--
--
--
--
--
--
--
--
--
--
--
--
--
--
--
--
--
--
--
--
--
--
--
--
--
--
--
--
--
--
--
--
--
--
--
--
--
--
--
--
--
--
